"MIKMAŁ"
0.1145808241188319
0.01078620221711276
0.39730262052775694
0.9933377887014498
0.18116295951653882
0.992203078775394
0.04489600892682571
0.02562706441447931
0.5303136008297964
0.9957029539276882
0.9471302795319251
0.9627139024518206
0.06441173236518355
0.9896588937348701
0.8939094345664939
0.0266446894387824
0.1088690610242725
0.9947955549230507
0.25133643066469535
0.008262215794902168
0.14216153347492227
0.02975826991351047
0.021889650861663397
0.9406421069276546
0.8547636631963914
0.9833812937118018
0.8726208827059108
0.24084643125214525
0.19145212051796112
0.01872481248595665
0.0447905896274661
0.9643172808442239
0.9849465450211983
0.11631835185614925
0.9812194623259565
0.1095749418538976
0.9123152561429125
0.9938037621393917
0.7977159859852451
0.965079338825945
0.9395651485544616
0.9829957828623175
0.8766409716872072
0.909447407132504
0.19231735534514588
0.997031059118993
0.02710577468484118
0.9506858319689585
0.017246674485832343
0.637405677770231
0.9771832641767243
0.1559539505090171
0.11960938764739676
0.8123107560338714
0.9837132312507959
0.04981767736143897
0.9393938207970709
0.08831768496339507
0.8493551443670944
0.015190574782314866
0.9928773624230777
0.019816313944463003
0.5515978320924776
0.8524120057504004
0.9316506745218901
0.6578678164002166
0.6399715295078146
0.9602716024707852
0.16505980610962084
0.642764778731478
0.9556854513828122
0.06757749143983813
0.992376366586967
0.8110940211323688
0.8435333910430901
0.03756552605485804
0.8522366883362321
0.4746636091041807
0.9832105265529852
0.12381245563945706
0.11095928534337399
0.9109957821123658
0.5476335853408546
0.9976078470903985
0.8819361928812777
0.9422296138702094
0.8527514842869881
0.9211513516175024
0.9879946586466654
0.9883751655334361
0.27031862088904096
0.07866781199906978
0.08186028315015993
0.061828804290213236
0.9487781409769622
0.03674808769797919
0.5819941056736201
0.18565654416811056
0.9846598403533767
0.43423974198567644
0.06352363091341466
0.6986066029424599
0.5205273479214442
0.5322875941255648
0.023983169882642222
0.9354670903277348
0.8748969579160131
0.6827887636661881
0.9946065282926722
0.9871807346662181
0.9767228633665914
0.8661494085757551
0.30828798966066673
0.02043477129230186
0.02797051669648652
0.38579894275058857
0.9664771348022807
0.0728616455311721
0.9529370080172671
0.013502792259801555
0.17853353595411783
0.5981812267864911
0.9883936120857508
0.6419356144640377
0.6496050230777537
0.9737621428610881
0.028859043677648546
0.030513210280081454
0.9937988542441789
0.47379691603056645
0.9660807063547161
0.3487027462385582
0.16794237417052327
0.9752682570870118
0.024667260507708958
0.9785596253709579
0.3404211695445435
0.8974858670938758
0.6934850987464578
0.01482126772835833
0.13058386776478434
0.8550537723498962
0.9969173937351641
0.1708555907924564
0.039724548283639145
0.9870993804383087
0.4507410741632727
0.03024261768424211
0.03376255466817545
0.12826119077852408
0.9006295496388148
0.01611818052246767
0.971770466790227
0.016751329521950582
0.08720971405605518
0.20804192378070252
0.9972722105933175
0.9701280555191187
0.7729667974752605
0.609948736859709
0.945648084928874
0.9843956374854219
0.35977344355688207
0.02792854990647369
0.015055378969267456
0.04344402180467392
0.2751188287643345
0.99778221268468
0.027752409293983
0.501688062825306
0.9197577715885896
0.3730826321682172
0.5131853651891742
0.22431766439505374
0.6055740267234229
0.9894662148850092
0.9496848914204534
0.010373204767202025
0.8500941866953349
0.07363051938840907
0.9217779794881414
0.0791604231759686
0.9891395396833326
0.7745061584799957
0.04188073385035965
0.4542090547557569
0.1970363765953585
0.11462470012845381
0.31015928030170936
0.00826727294851957
0.8690838103350588
0.9945276518361614
0.024594531649242034
0.09366614590391467
0.7826256423272562
0.9828380293521092
0.020632017541286594
0.997732334275643
0.10056488919330674
0.008291054175367771
0.047427719727069745
0.9684502960921172
0.9436091417432151
0.762016568190439
0.2173961405201634
0.006362585772449189
0.8301952641161211
0.9918306461691058
0.9378461368506764
0.1205840411234964
0.010628212518096723
0.008701051268888147
0.020964385961692374
0.010837002996090124
0.002727368883668178
0.07897301220440418
0.9861600344466712
0.9967625296961987
0.017010359507775217
0.02093234914440305
0.9536550474274312
0.9764267180652065
0.1870572863974072
0.03899023954495033
0.08083786324049635
0.7190652381543838
0.004206941679001079
0.02098009236670397
0.2938794375036639
0.9885308819144066
0.40381829252796886
0.02484269446953706
0.8529551335784431
0.1962185685602598
0.8753105451716072
0.9079809292234536
0.23384666923439856
0.7380171058170808
0.5148345942425586
0.9914542820333433
0.20446308199948945
0.054183070346195204
0.9901192024293556
0.18702869730399224
0.011726172620811454
0.9908794974948202
0.9425982293974948
0.010283723182312847
0.22758129077350725
0.9523539845213417
0.845507624450878
0.38071665788878367
0.015048147660668032
0.055400446054105
0.018780432851696355
0.9960713819264393
0.37356970348280544
0.00814693003497555
0.9436112369452839
0.9931312671532263
0.9760171443605435
0.9861397089416107
0.9897125341322962
0.08837108528236938
0.9287367094140081
0.9587082889780397
0.03338284520838091
0.17393098265420195
0.9836006151174103
0.014171469173258847
0.7472624289001466
0.8848673091690799
0.013399475187302117
0.1801444764190565
0.03775959140842709
0.11079264121516615
0.9492608643449076
0.4274400502817789
0.7071845976618331
0.9854702936457551
0.559379781819428
0.059155923642253916
0.41045702928549327
0.9672393070030074
0.9250278423482646
0.8846245052449327
0.014362277772353967
0.9089931938656125
0.92782766433861
0.03187858434607004
0.046035100567447015
0.01192618361462512
0.9372203959755463
0.9959568102019246
0.9880034041358002
0.9660077895041256
0.07470512136382235
0.8382965363942615
0.9519136982031892
0.3711776422793117
0.023338239536229977
0.0470679870976451
0.8388910239398213
0.6943444319495821
0.6753262889340992
0.9969909990933966
0.08646213178242128
0.9679109688125762
0.9726487940203611
0.02481233117661393
0.850382597395231
0.7130729015451419
0.08853231808973801
0.4606972907845242
0.9922411111175665
0.11925118073079666
0.4006745982372994
0.015477292341429144
0.983056760544878
0.36112054835724344
0.002963698414752157
0.013119781350890663
0.8794071620930689
0.8225705755830218
0.03203901004983825
0.012030162458044254
0.005680425444482028
0.39164300993191586
0.9481430133812677
0.04481178684424196
0.9965006913979362
0.9930398724457478
0.9919175483505759
0.9769107848274882
0.006032984839095491
0.9701446133203517
0.0402596780739593
0.005074364879205479
0.21849984587244337
0.9699615765548915
0.36207277861781095
0.010404543596741714
0.9912969530614204
0.016785478567143623
0.6789392916136695
0.0497739039881408
0.026582520206699867
0.47648033542486445
0.9682586543874615
0.8089804801598686
0.018270480309720723
0.9944232968869191
0.034578174887463495
0.0293510095668892
0.013418540017169502
0.006481866436044833
0.9802257494910123
0.29025931871006544
0.9031169595791163
0.010575711531683725
0.008378742255737707
0.008930527938581689
0.9529639287615872
0.6638393583631521
0.8887928843603035
0.3791980216030659
0.17383175531438597
0.16895636137173645
0.9034621631021832
0.9793629107440948
0.05325253975247665
0.0194756932364601
0.8400894898342043
0.10581171427121978
0.27488123892536287
0.9205328531296073
0.6812860566829146
0.9219601357113464
0.03219037401175765
0.9956582760018865
0.015385365952977135
0.7882799888762255
0.8695404558520095
0.9919345674535633
0.8609725113237718
0.8866627124155293
0.015997615161550884
0.9562145237156967
0.055839891738935526
0.33654610631221327
0.7045303158857289
0.08348796827002458
0.8714322355211822
0.4335591455070336
0.8939723765009325
0.8639658432271475
0.9946559332145666
0.43221869845765004
0.0268999875887755
0.26467706410302333
0.7614063849160866
0.6970880742240143
0.04198104383064462
0.9431576936201682
0.9966287933936826
0.03379859071702706
0.17446183392308015
0.9906695852716486
0.9755941684650489
0.04490128235002025
0.08306028676494553
0.983432465674889
0.9314517315807005
0.08801062840771984
0.21479096343017795
0.8992082305152176
0.8087068573259512
0.11026350526540883
0.9797547661794659
0.9464088799119383
0.7979098891459931
0.07961227889303679
0.981253180321691
0.19553601679485272
0.3310663240967914
0.9457548061170604
0.012857941897671234
0.16988898819377501
0.43809099397543194
0.3369651484622601
0.2367636448265784
0.7997387212015881
0.0650867511413064
0.06256053561427458
0.9726739581325413
0.7809360454445154
0.48952834671074025
0.9752358520378184
0.02530750728613658
0.0059604427908590205
0.9832911148621458
0.20504102426166973
0.9378852338476256
0.0034764876612665497
0.02339649322439386
0.9610959722174305
0.9622222565806464
0.975141953284162
0.4782706627772455
0.39924003956703574
0.7912581889016095
0.9503590096422397
0.9352800982468272
0.6047123993240004
0.3625400648325629
0.011036566632222512
0.7866652889217461
0.06115875453048051
0.8823854686474145
0.1329908212315685
0.2160727983248885
0.013982784904007704
0.012404256026239282
0.036339635394363606
0.8549690498736039
0.04383550742657504
0.8158128974883917
0.9529404283403348
0.9710707271278892
0.05487584948647983
0.7168291328904304
0.8634515060632828
0.07777626933129762
0.03489023070013746
0.9603056409748832
0.9597638755322484
0.18555248744076158
0.6090553445755997
0.10219936224257155
0.9946233769535109
0.34766533289902324
0.9970760923171925
0.9334271721605745
0.9977705514538099
0.15738644787013042
0.5434095115396811
0.9572008134871681
0.03759242377425506
0.15807892510781152
0.8133400657839189
0.11352437656059819
0.22158679399470987
0.9625048102488334
0.6836998018821636
0.4323424454275809
0.9695819799251861
0.8437343339402757
0.9917528046292956
0.9417897800140581
0.47290034360053995
0.879814374824595
0.8514306042190666
0.05543739782845176
0.029096598212558885
0.9728100424934469
0.6969131949891425
0.8508668400493158
0.897311391735675
0.7495969226442427
0.9645394060212854
0.0047414560143842115
0.19220365083852137
0.17275775943338792
0.651339691036304
0.0846414521137564
0.0596593432923518
0.43484170417883156
0.06210725395271454
0.4894645155920936
0.9634756013497721
0.9421545969000911
0.9475073772352137
0.902733812974376
0.6010560946396908
0.8118746081488181
0.03955200579901152
0.9950703766928788
0.2705128849469377
0.8683756858440829
0.03106465585271033
0.536933279895225
0.9724475060173533
0.8974871015984793
0.6087440620060697
0.3155354168286392
0.5001389861181873
0.9892954159650631
0.9981682800166785
0.057799572956359686
0.8651841148399714
0.04117164224591015
0.1273596703921655
0.46886845191227666
0.02073414368102651
0.01047776888795402
0.9493716236270461
0.009934012397637026
0.9124971940856459
0.08191869651693783
0.0345288997502919
0.41530815574266267
0.14967468654521732
0.934752369585949
0.06925680977024402
0.6409271019229225
0.07266144084983012
0.7895860570856483
0.9865899171347529
0.021254627501192027
0.9401080211665176
0.9405209184096075
0.011209207903722537
0.8605670612848996
0.7924070198963481
0.536049171787715
0.25636509691768306
0.9314416184884518
0.1063081394792705
0.5430334397460351
0.2396898185440613
0.7617873162594774
0.9464624033598815
0.029208374629140686
0.04791937668003036
0.8018821211413982
0.07718494622756016
0.927403693651697
0.923407143109003
0.624034827888216
0.04281518657435192
0.08551907982435408
0.9926075053534814
0.01948907286463867
0.012995850554805939
0.8505467421666146
0.9754840689658125
0.7672139987293717
0.19549264127247734
0.7314628645056331
0.029890760425890443
0.10337832516659796
0.9962545137658019
0.011807611635376396
0.0597906935598265
0.7258707671930802
0.9782396411505606
0.5679626684471902
0.89022711769313
0.9131681560528533
0.04119588797780279
