"MIKMAŁ"
0.125356987118721
0.1467970907688141
0.44030120968818665
0.9678608775138855
0.6358966827392578
0.980868935585022
0.21479232609272003
0.10345965623855591
0.30670830607414246
0.9840189218521118
0.8384288549423218
0.9772567749023438
0.215971902012825
0.8651081919670105
0.9251986742019653
0.04613497108221054
0.15305925905704498
0.976416826248169
0.482932448387146
0.014848555438220501
0.30417582392692566
0.017471494153141975
0.023172998800873756
0.8671516180038452
0.8932570219039917
0.9843053817749023
0.47627443075180054
0.1355287730693817
0.6346949338912964
0.003277635434642434
0.08700477331876755
0.875896692276001
0.9701552987098694
0.10887125879526138
0.7874452471733093
0.12455609440803528
0.7525157332420349
0.9824303388595581
0.8153261542320251
0.9436589479446411
0.8178189992904663
0.9392663240432739
0.8566299676895142
0.879367470741272
0.4393007159233093
0.9833646416664124
0.02214212715625763
0.8794273734092712
0.03388242796063423
0.36611971259117126
0.9785879850387573
0.4011196196079254
0.2124403417110443
0.8683654069900513
0.9019290804862976
0.1543593406677246
0.9683172702789307
0.10646482557058334
0.8581100702285767
0.07034679502248764
0.977607011795044
0.037502389401197433
0.4714031219482422
0.642641007900238
0.976128339767456
0.5626026391983032
0.13422632217407227
0.8603469133377075
0.6092471480369568
0.5810590982437134
0.6837742924690247
0.4307563304901123
0.9924048781394958
0.747535228729248
0.9223932027816772
0.06006356328725815
0.730285108089447
0.22285985946655273
0.9871936440467834
0.09349393844604492
0.1358296424150467
0.8714115023612976
0.29947590827941895
0.9919523596763611
0.9198419451713562
0.5737718939781189
0.5584881901741028
0.8760529160499573
0.9593150019645691
0.9105374217033386
0.3093630373477936
0.055307839065790176
0.30332666635513306
0.24828757345676422
0.8730176091194153
0.10316240787506104
0.36698663234710693
0.4751935601234436
0.9053239822387695
0.6724857091903687
0.01665661111474037
0.5214619636535645
0.512865424156189
0.6910809278488159
0.06254789978265762
0.8443637490272522
0.8901323080062866
0.904969334602356
0.9933998584747314
0.9689486622810364
0.9861831665039062
0.7535866498947144
0.35079121589660645
0.049908045679330826
0.008815791457891464
0.49763327836990356
0.8549641966819763
0.10902190953493118
0.8132877945899963
0.05194258689880371
0.05002889782190323
0.7162715196609497
0.9584313631057739
0.6420189738273621
0.8747653961181641
0.9792105555534363
0.08252762258052826
0.031097333878278732
0.9672889113426208
0.6376101970672607
0.9581995606422424
0.5794363021850586
0.1515727937221527
0.9818705320358276
0.047357555478811264
0.909465491771698
0.6844939589500427
0.9326551556587219
0.8623939156532288
0.0857570543885231
0.34263136982917786
0.7056705951690674
0.994218111038208
0.11804217845201492
0.15556877851486206
0.9250071048736572
0.6092163920402527
0.05639459937810898
0.03298795595765114
0.13007420301437378
0.9745925068855286
0.04039758816361427
0.8493590354919434
0.009753060527145863
0.0523960217833519
0.3456326425075531
0.9941099286079407
0.87776118516922
0.37392905354499817
0.5148374438285828
0.8453315496444702
0.9564512372016907
0.2900616228580475
0.04198174551129341
0.010865525342524052
0.06733130663633347
0.2047390192747116
0.9800555109977722
0.08535651117563248
0.25717851519584656
0.8826785683631897
0.7006495594978333
0.6092942953109741
0.12448830902576447
0.6143019199371338
0.9662095308303833
0.7749081254005432
0.02184327319264412
0.9260798096656799
0.025112368166446686
0.8161872625350952
0.30904027819633484
0.9708922505378723
0.1861514449119568
0.03226025775074959
0.430090993642807
0.09914521872997284
0.23827698826789856
0.10101591795682907
0.009409677237272263
0.7087017893791199
0.9931214451789856
0.01390257477760315
0.3788403868675232
0.18730245530605316
0.9718512296676636
0.051971592009067535
0.9515281915664673
0.24426132440567017
0.009677731432020664
0.08620012551546097
0.8919857740402222
0.9047581553459167
0.6722630262374878
0.050796400755643845
0.00478217750787735
0.795763373374939
0.99594646692276
0.9214910864830017
0.17958971858024597
0.06718988716602325
0.047996968030929565
0.052821166813373566
0.05093662068247795
0.0038291753735393286
0.11620298773050308
0.9897010326385498
0.9761859774589539
0.013382035307586193
0.039525553584098816
0.9581145644187927
0.9387919306755066
0.5404882431030273
0.04534730687737465
0.42291879653930664
0.6354359984397888
0.0017059579258784652
0.09120472520589828
0.4229462742805481
0.9737352132797241
0.586905300617218
0.03713260963559151
0.907710075378418
0.43844541907310486
0.8808169960975647
0.9017093181610107
0.2516990602016449
0.47960543632507324
0.366097092628479
0.9719793200492859
0.38519757986068726
0.053039103746414185
0.9728285074234009
0.3089534640312195
0.07180315256118774
0.9477925896644592
0.9513797163963318
0.04621952399611473
0.23442764580249786
0.8977741599082947
0.6887168288230896
0.20689725875854492
0.03238726034760475
0.15060082077980042
0.048496078699827194
0.8992921710014343
0.42782649397850037
0.003786739893257618
0.9426154494285583
0.9841850996017456
0.9809637069702148
0.959919273853302
0.9193065762519836
0.10443013906478882
0.9634336233139038
0.9601449966430664
0.13283182680606842
0.2799378037452698
0.883178174495697
0.005569674074649811
0.9128007888793945
0.4140985608100891
0.0065064639784395695
0.08739341050386429
0.09824764728546143
0.20549140870571136
0.886988639831543
0.16987921297550201
0.6021226644515991
0.9942294359207153
0.8868929743766785
0.29117316007614136
0.3921990990638733
0.9712834358215332
0.988021194934845
0.4939998686313629
0.05954737961292267
0.8424779176712036
0.8616155385971069
0.09093447029590607
0.047334734350442886
0.03622289374470711
0.7554789781570435
0.9527946710586548
0.9504724144935608
0.9566242098808289
0.20163284242153168
0.5709063410758972
0.957668125629425
0.5525509119033813
0.06535449624061584
0.07225540280342102
0.9888404011726379
0.9178372025489807
0.2730380594730377
0.9852465391159058
0.38155922293663025
0.8136705160140991
0.87571781873703
0.10049467533826828
0.5056397914886475
0.9877424240112305
0.10956671088933945
0.4839836061000824
0.9730784893035889
0.3044922351837158
0.49103832244873047
0.03623148426413536
0.9220844507217407
0.5213648080825806
0.00783278327435255
0.09342613071203232
0.6638026237487793
0.9939755797386169
0.2140093594789505
0.038480162620544434
0.009198120795190334
0.5843520760536194
0.9369484186172485
0.029592234641313553
0.9888395667076111
0.9366410970687866
0.9770032167434692
0.9408789873123169
0.020980091765522957
0.9925572872161865
0.019847286865115166
0.014426336623728275
0.7366706132888794
0.9637950658798218
0.07711822539567947
0.004380418919026852
0.9966145157814026
0.1590966284275055
0.569244921207428
0.06340918689966202
0.026375671848654747
0.4234449863433838
0.9862514138221741
0.7320519685745239
0.1675792932510376
0.9850553274154663
0.10544153302907944
0.023511303588747978
0.02812029793858528
0.04205663502216339
0.9550979137420654
0.20115813612937927
0.9630889892578125
0.008419770747423172
0.07011228799819946
0.026752043515443802
0.9402485489845276
0.23638096451759338
0.874981701374054
0.7297106981277466
0.3391481935977936
0.30312883853912354
0.9453257322311401
0.9872561693191528
0.10717469453811646
0.023340614512562752
0.2022443413734436
0.19269365072250366
0.9620692729949951
0.9495706558227539
0.9201786518096924
0.9756032228469849
0.16924196481704712
0.9932899475097656
0.04940503463149071
0.8256293535232544
0.826693058013916
0.9910323023796082
0.8271875381469727
0.6444681882858276
0.0349762849509716
0.9773879647254944
0.17487592995166779
0.16124604642391205
0.9601261615753174
0.04645591601729393
0.9572514295578003
0.8127398490905762
0.9727134704589844
0.8763179779052734
0.9700500965118408
0.28037816286087036
0.04144131764769554
0.2268674671649933
0.7850953340530396
0.5675424933433533
0.2523631751537323
0.891932487487793
0.9911251664161682
0.10410400480031967
0.0345684215426445
0.9966141581535339
0.8194113373756409
0.09515468776226044
0.20377352833747864
0.9787013530731201
0.9232721328735352
0.0782252699136734
0.4072810411453247
0.9140439033508301
0.8935293555259705
0.33097633719444275
0.9131921529769897
0.9415478110313416
0.6068629026412964
0.42106008529663086
0.978369414806366
0.16956646740436554
0.29363518953323364
0.9143143892288208
0.04336182400584221
0.3300381898880005
0.4745277166366577
0.37242060899734497
0.2594434320926666
0.8364226818084717
0.056737471371889114
0.019087346270680428
0.46414610743522644
0.8770228624343872
0.9284079670906067
0.9711488485336304
0.02958080545067787
0.0335012786090374
0.990056037902832
0.21592749655246735
0.9355206489562988
0.006682653911411762
0.07282713055610657
0.8827245235443115
0.9558400511741638
0.9707092046737671
0.04206673055887222
0.46207788586616516
0.8359795212745667
0.9773731231689453
0.9419680833816528
0.8171890377998352
0.4019358158111572
0.03691868856549263
0.6513791680335999
0.1549980640411377
0.9139981269836426
0.08969029039144516
0.7132341265678406
0.020348943769931793
0.013953078538179398
0.2089536041021347
0.8213745355606079
0.18407389521598816
0.8854513764381409
0.973882257938385
0.9271680116653442
0.012369958683848381
0.8267303705215454
0.855525553226471
0.12877842783927917
0.04645472392439842
0.8126007318496704
0.9958953857421875
0.46807771921157837
0.8897578716278076
0.28099125623703003
0.9709281921386719
0.3770931661128998
0.9938181042671204
0.4035445749759674
0.9714197516441345
0.186794251203537
0.5593478679656982
0.9433678388595581
0.12744197249412537
0.2718096971511841
0.9655495882034302
0.20059329271316528
0.37950241565704346
0.9635357856750488
0.5365564227104187
0.7522145509719849
0.8403807282447815
0.7970063090324402
0.9757012128829956
0.9908764958381653
0.24483999609947205
0.1068575382232666
0.46831822395324707
0.036805275827646255
0.0672273337841034
0.8366750478744507
0.1637069433927536
0.773745596408844
0.7170809507369995
0.9918473958969116
0.9828059077262878
0.03956971690058708
0.05074269697070122
0.7178659439086914
0.18634316325187683
0.09145151078701019
0.051166657358407974
0.5041443109512329
0.023220496252179146
0.7512430548667908
0.8746684789657593
0.9566324949264526
0.9448502063751221
0.7909789681434631
0.8144779205322266
0.7844086289405823
0.10926929116249084
0.9763343334197998
0.410686194896698
0.905634880065918
0.0938388928771019
0.8286744952201843
0.9605926871299744
0.8256537914276123
0.445037305355072
0.8557659387588501
0.8190468549728394
0.9925004839897156
0.9926103949546814
0.21217116713523865
0.8537867069244385
0.02035895176231861
0.1554546356201172
0.17191670835018158
0.09427805244922638
0.0836990475654602
0.9633536338806152
0.05374929681420326
0.8425239324569702
0.6384487748146057
0.06747212260961533
0.31731006503105164
0.39499610662460327
0.5864245891571045
0.2129499912261963
0.6957229971885681
0.28020933270454407
0.5291963219642639
0.9817952513694763
0.0538695864379406
0.9461517333984375
0.9294462203979492
0.057914432138204575
0.2857883870601654
0.7624716758728027
0.6470640301704407
0.14606167376041412
0.9789282083511353
0.2468133121728897
0.6579907536506653
0.8917080760002136
0.5754361152648926
0.9406573176383972
0.04113268479704857
0.15168552100658417
0.6168268322944641
0.13582731783390045
0.9225746989250183
0.8114295601844788
0.6292477250099182
0.09615565091371536
0.18329089879989624
0.95941162109375
0.3157007694244385
0.10955232381820679
0.6535784006118774
0.9505088925361633
0.9752169847488403
0.40145954489707947
0.6253459453582764
0.0391232855618
0.0773068368434906
0.984254002571106
0.04935323819518089
0.018766483291983604
0.3432520925998688
0.9096233248710632
0.2491064816713333
0.9389058351516724
0.9514642357826233
0.012622149661183357
